200 50
53 77
97 98
91 62
71 98
65 55
87 50
22 92
81 3
84 88
56 35
68 89
3 17
35 12
94 82
69 77
89 72
24 17
64 52
44 84
32 31
21 32
96 85
62 19
2 58
90 25
93 71
12 27
95 75
82 77
36 59
59 81
61 1
53 17
88 7
70 6
67 54
46 34
48 52
93 73
65 57
12 70
20 45
21 7
66 98
95 55
49 97
52 78
83 72
85 35
77 7
96 15
62 52
72 50
14 13
37 95
97 22
23 81
10 2
14 54
12 88
76 26
78 61
40 41
40 56
58 54
20 20
14 10
0 94
17 26
51 69
65 60
73 75
86 57
94 70
87 48
50 42
79 16
61 27
25 19
69 0
4 90
63 63
32 29
53 33
41 36
93 57
71 66
91 2
5 57
25 0
18 35
54 43
65 3
40 4
29 33
55 25
78 7
14 96
4 5
5 73
82 84
29 46
23 37
94 53
72 15
31 34
82 13
98 32
75 35
90 72
40 13
4 56
77 83
51 86
26 89
58 43
24 89
7 81
22 52
23 25
56 19
22 77
26 82
1 78
14 87
12 31
92 73
42 80
79 37
1 52
96 97
32 83
1 22
80 47
92 88
91 81
32 77
69 32
38 98
28 7
44 7
26 98
47 51
20 83
30 94
31 54
39 48
93 83
49 1
72 21
70 65
13 52
86 37
95 64
75 82
83 7
10 43
0 12
67 22
7 11
5 31
27 36
99 91
54 52
73 81
70 31
71 58
13 62
21 97
50 99
8 16
37 36
29 57
90 10
18 42
6 60
51 7
76 31
49 85
56 57
92 87
68 98
41 0
96 74
77 98
56 74
43 77
55 12
27 53
74 12
37 84
12 34
77 74
47 46
58 94
82 90
86 34
98 0
59 39
30 91
0 0
